324.000000
0.908046
0.000000
11.000000
17190.000000
0.000000
5720.000000
0.451219
11224.000000
1957.000000
13104.000000
16102.000000
324.000000
1.068182
5796.000000
3386.000000
141267.000000
0.088889
52.000000
72.000000
2373.333252
145.076920
9102.000000
5.000000
2494.000000
308.000000
35728.000000
0.384615
112.000000
7182.000000
193.000000
1894.000000
461.000000
0.000000
48.000000
2925.000000
1698.000000
0.000000
13.833333
396.000000
1.149254
10.000000
2.200000
5276.000000
580.000000
1120.000000
96.000000
198.000000
0.000000
86.000000
8458.000000
2010.000000
880.000000
47.000000
0.000000
3130.000000
16.000000
234.000000
137.000000
31.000000
43.333332
154.000000
36.176472
0.385321
0.000000
2800.000000
168636.000000
49.000000
98.000000
0.840426
81.000000
0.083333
91.000000
38.000000
0.268041
46.000000
4517.000000
237600.000000
3072.000000
916.000000
7742.000000
0.500000
812.000000
87.000000
285.000000
0.000000
0.834862
27.000000
1480.000000
144.000000
5955.000000
62.000000
315.000000
325.600006
97.000000
10.000000
22.000000
0.000000
56.000000
7.000000
41.000000
0.000000
16416.000000
293260.000000
28.000000
0.025000
0.380952
139.000000
30.476191
160.055557
334620.000000
1.765957
29.000000
7685.000000
0.000000
0.630435
6468.000000
0.000000
8087.000000
0.918033
6726.000000
0.000000
3276.000000
4.845070
3152.000000
0.679012
146.000000
9680.000000
0.546296
7.666667
59.000000
101.914284
0.852941
6.000000
33.750000
924.000000
0.022222
54.000000
15.761364
34.102566
0.000000
66.000000
115.199997
0.000000
613360.000000
4.043478
0.323077
28616.000000
6497.000000
70.346153
0.000000
82.000000
70.000000
0.000000
290780.000000
28.764046
10.000000
728.000000
344925.000000
15.000000
0.000000
695.000000
0.000000
99.000000
7500.000000
152.000000
117.000000
160.000000
74.942856
42.000000
195.000000
99.000000
83.000000
4369.000000
99.000000
3317.000000
18.000000
11.212766
0.024096
458.000000
5.250000
21.583334
89.000000
1560.000000
1633.000000
5.000000
53.000000
1586.000000
0.000000
14774.000000
115.000000
0.000000
173.000000
139.000000
0.093750
107.000000
158.000000
230.000000
80.000000
8.000000
0.468421
0.686131
1935.000000
26.000000
3718.000000
155.000000
30.000000
0.000000
2444.000000
11528.000000
0.194805
2150.000000
1343.333374
193.000000
23.000000
99.000000
0.000000
76.000000
0.000000
0.056911
     inf
380.000000
0.128205
70.000000
35.000000
145.000000
183372.000000
6178.000000
0.000000
0.000000
0.565217
85.000000
178.000000
6160.000000
0.171429
573804.000000
24.000000
638.000000
75.000000
5310.000000
0.000000
0.078571
204.000000
9.600000
3.000000
26136.000000
146.000000
4041.000000
0.058140
156.000000
0.000000
3840.000000
57.000000
0.103093
111780.000000
3888.000000
11408.000000
2.062500
1996.000000
182.000000
180.000000
61.000000
6120.000000
7344.000000
67.000000
49.000000
82.000000
35.000000
154.000000
23452.000000
0.000000
89.000000
114.000000
85.000000
0.292208
470.000000
1128.000000
7622.000000
4669.000000
259.583344
4410.000000
10164.000000
3.000000
171.818176
1.466667
0.094340
209.000000
1.140625
19.223881
16660.000000
43.000000
61.000000
980.000000
53.000000
4.400000
889.000000
2832.000000
110.000000
1.153846
164.000000
